-52.00 -0.16 0.02 -1.7 0.3
-23.10 -0.16 0.02 -1.8 0.4
-22.92 -0.41 0.03 -4.4 0.7
-22.02 0.27 0.009 2.9 0.5
-19.10 0.16 0.03 1.7 0.4
-16.19 -0.97 0.06 -10 2
-16.09 0.62 0.07 6.6 1
-15.05 -1.2 0.04 -13 2
-14.91 1.7 0.04 19 3
-14.19 -0.32 0.04 -3.4 0.7
-14.04 3 0.06 33 5
-11.19 0.52 0.05 5.5 1
-10.97 -0.52 0.01 -5.6 0.9
-10.18 -0.54 0.03 -5.8 1
-9.98 -0.27 0.01 -2.9 0.5
-9.04 -0.57 0.03 -6.1 1
-8.90 0.66 0.06 7.1 1
-8.12 -0.87 0.02 -9.4 1
-7.12 -0.86 0.07 -9.3 2
-6.96 0.87 0.02 9.4 1
-6.23 -0.88 0.1 -9.4 2
-6.04 0.17 0.01 1.8 0.3
7.97 0.33 0.04 3.6 0.7
8.75 0.63 0.06 6.8 1
9.75 0.32 0.05 3.4 0.8
9.93 -0.87 0.03 -9.4 2
10.05 -0.26 0.07 -2.7 0.9
10.77 -0.58 0.03 -6.2 1
10.94 0.36 0.02 3.9 0.7
11.06 1.1 0.09 12 2
14.90 -0.15 0.01 -1.6 0.3
16.82 -0.19 0.02 -2 0.4
23.77 0.88 0.05 9.5 2
30.85 -0.28 0.03 -3 0.6
31.88 -0.14 0.03 -1.5 0.4
42.80 -0.22 0.02 -2.4 0.4
