time flux flux_rms
53859.90 1.0436 0.0043
53859.92 1.0338 0.0050
53860.00 1.0389 0.0042
53860.02 1.0242 0.0042
53860.04 1.0230 0.0053
53861.72 1.0660 0.0077
53861.74 1.0721 0.0068
53861.76 1.0690 0.0050
53861.78 1.0547 0.0052
53861.80 1.0719 0.0044
53861.82 1.0703 0.0051
53861.84 1.0743 0.0046
53861.86 1.0732 0.0052
53861.88 1.0670 0.0046
53861.90 1.0759 0.0055
53861.92 1.0679 0.0050
53861.94 1.0706 0.0066
53861.96 1.0691 0.0064
53861.98 1.0806 0.0075
53862.02 1.0655 0.0047
53862.06 1.0739 0.0064
53862.08 1.0961 0.0047
53862.72 1.0679 0.0083
53862.74 1.0614 0.0065
53862.76 1.0639 0.0081
53862.78 1.0521 0.0067
53862.80 1.0569 0.0075
53862.82 1.0423 0.0073
53862.84 1.0589 0.0072
53862.86 1.0415 0.0071
53862.88 1.0398 0.0085
53862.90 1.0280 0.0069
53862.92 1.0325 0.0086
53863.72 0.9661 0.0088
53863.74 0.9475 0.0080
53863.76 0.9484 0.0051
53863.78 0.9480 0.0057
53863.80 0.9439 0.0051
53863.82 0.9475 0.0059
53863.84 0.9368 0.0054
53863.86 0.9451 0.0053
53863.88 0.9499 0.0053
53863.90 0.9417 0.0053
53863.92 0.9299 0.0056
53863.94 0.9428 0.0086
53863.98 0.9245 0.0070
53864.00 0.9382 0.0078
53864.02 0.9427 0.0066
53864.04 0.9300 0.0068
53864.06 0.9365 0.0065
53864.08 0.9260 0.0045
53864.76 1.0417 0.0075
53864.78 1.0379 0.0066
53864.80 1.0407 0.0071
53864.82 1.0497 0.0075
53864.84 1.0250 0.0075
53864.86 1.0380 0.0074
53864.88 1.0384 0.0069
53864.90 1.0416 0.0070
53864.92 1.0514 0.0063
53864.94 1.0523 0.0070
53864.96 1.0692 0.0071
53864.98 1.0583 0.0072
53865.00 1.0502 0.0070
53865.02 1.0556 0.0085
53865.04 1.0482 0.0116
53871.72 1.0536 0.0057
53871.76 1.0375 0.0108
53879.72 1.0124 0.0055
53879.74 1.0154 0.0053
53879.76 1.0153 0.0048
53879.78 1.0026 0.0055
53879.80 0.9972 0.0050
53879.82 0.9982 0.0048
53879.84 0.9811 0.0047
53879.86 0.9612 0.0047
53879.88 0.9427 0.0056
53880.70 1.0422 0.0079
53880.72 1.0041 0.0036
53880.74 1.0142 0.0030
53880.76 1.0131 0.0034
53880.78 1.0148 0.0034
53880.80 1.0180 0.0035
53880.82 1.0171 0.0038
53880.84 1.0164 0.0034
53880.86 1.0181 0.0038
53880.90 0.9980 0.0052
53880.92 1.0030 0.0044
53880.94 0.9993 0.0060
53880.96 0.9838 0.0046
53880.98 0.9844 0.0054
53881.00 1.0063 0.0052
53881.02 0.9966 0.0054
53881.04 0.9815 0.0067
53881.70 1.0364 0.0074
53881.72 1.0213 0.0050
53881.74 1.0238 0.0090
53885.74 1.0496 0.0032
53885.76 1.0600 0.0032
53885.78 1.0538 0.0031
53885.80 1.0673 0.0049
53885.82 1.0550 0.0046
53885.84 1.0226 0.0045
53885.86 0.9996 0.0054
53885.92 1.0377 0.0041
53885.94 1.0268 0.0042
53885.96 1.0304 0.0043
53885.98 1.0365 0.0044
53886.00 1.0336 0.0047
53886.02 1.0226 0.0048
53886.70 0.9869 0.0075
53886.72 0.9968 0.0034
53886.74 0.9831 0.0036
53886.76 0.9981 0.0042
53886.78 0.9659 0.0033
53886.80 0.9588 0.0033
53886.82 0.9633 0.0035
53886.84 0.9713 0.0034
53886.86 0.9566 0.0034
53886.88 0.9629 0.0051
53886.90 0.9610 0.0042
53886.92 0.9650 0.0041
53886.94 0.9615 0.0041
53886.96 0.9536 0.0042
53886.98 0.9679 0.0047
53887.00 0.9579 0.0069
53887.02 0.9709 0.0046
53887.72 1.0098 0.0031
53887.74 1.0117 0.0037
53887.76 1.0089 0.0040
53887.78 1.0129 0.0036
53887.80 1.0088 0.0041
53887.82 1.0087 0.0044
53887.84 1.0174 0.0053
53887.86 1.0032 0.0044
53887.88 0.9926 0.0086
53887.90 1.0121 0.0081
53889.72 1.0184 0.0064
53889.74 0.9885 0.0050
53889.76 0.9810 0.0044
53889.78 0.9626 0.0042
53889.80 0.9681 0.0043
53889.82 0.9637 0.0059
53889.84 0.9510 0.0040
53889.86 0.9457 0.0060
53889.88 0.9287 0.0060
53889.90 0.9212 0.0055
53889.92 0.9477 0.0054
53889.94 0.9697 0.0052
53889.96 0.9587 0.0051
53889.98 0.9850 0.0052
53890.00 0.9902 0.0048
53890.70 1.0001 0.0089
53890.72 1.0023 0.0041
53890.74 0.9733 0.0055
53890.76 0.9932 0.0048
53890.78 0.9886 0.0050
53890.80 0.9832 0.0049
53890.82 0.9931 0.0052
53890.84 1.0095 0.0073
53890.86 1.0006 0.0062
53890.88 0.9919 0.0077
53890.90 0.9989 0.0088
53890.92 0.9905 0.0068
53890.94 0.9996 0.0068
53890.96 0.9987 0.0076
53890.98 1.0125 0.0060
53891.00 1.0173 0.0082
53891.02 1.0331 0.0078
53891.70 1.0824 0.0106
53891.72 1.0905 0.0049
53891.74 1.1235 0.0066
53891.76 1.0963 0.0057
53891.78 1.0776 0.0054
53891.80 1.0791 0.0053
53891.82 1.0864 0.0054
53891.84 1.0798 0.0063
53891.86 1.0713 0.0070
53891.88 1.0660 0.0070
53891.90 1.0729 0.0072
53891.92 1.0821 0.0073
53891.94 1.0574 0.0078
53891.96 1.0608 0.0076
53891.98 1.0546 0.0073
53892.00 1.0669 0.0066
53892.70 0.9709 0.0103
53892.72 0.9789 0.0057
53892.74 0.9819 0.0072
53892.76 0.9598 0.0062
53892.78 0.9673 0.0077
53892.80 0.9709 0.0071
53892.82 0.9530 0.0067
53892.84 0.9559 0.0055
53892.86 0.9599 0.0067
53892.88 0.9470 0.0061
53892.90 0.9456 0.0065
53892.92 0.9299 0.0074
53892.94 0.9566 0.0070
53892.96 0.9408 0.0071
53892.98 0.9357 0.0084
53893.00 0.9384 0.0086
53893.02 0.9313 0.0106
53901.70 1.0700 0.0070
53901.72 1.0491 0.0033
53901.74 1.0475 0.0040
53901.76 1.0405 0.0046
53901.78 1.0431 0.0046
53901.80 1.0344 0.0056
53901.88 1.0146 0.0082
53901.90 1.0005 0.0059
53901.92 1.0128 0.0065
53901.94 1.0609 0.0062
53901.96 1.0338 0.0062
53902.96 0.9432 0.0056
53902.98 0.9555 0.0061
53903.72 1.0513 0.0033
53903.74 1.0581 0.0034
53903.76 1.0662 0.0033
53903.78 1.0719 0.0040
53903.80 1.0691 0.0029
53903.82 1.0645 0.0045
53903.84 1.0579 0.0049
53903.86 1.0706 0.0041
53903.88 1.0629 0.0049
53903.90 1.0639 0.0042
53903.92 1.1164 0.0064
53903.94 1.1028 0.0059
53903.96 1.1135 0.0062
53903.98 1.1201 0.0089
53904.72 1.0622 0.0034
53904.74 1.0641 0.0035
53904.76 1.0818 0.0049
53904.78 1.0605 0.0049
53904.86 1.0422 0.0045
53904.88 1.0318 0.0041
53904.90 1.0325 0.0041
53904.92 1.0250 0.0041
53904.94 1.0398 0.0042
53904.96 1.0323 0.0049
53905.70 0.9230 0.0057
53905.72 0.9382 0.0030
53905.74 0.9409 0.0035
53905.76 0.9338 0.0029
53905.78 0.9270 0.0030
53905.80 0.9238 0.0032
53905.82 0.9228 0.0041
53905.84 0.9222 0.0037
53905.86 0.9235 0.0037
53905.88 0.9250 0.0037
53905.90 0.9321 0.0039
53905.92 0.9349 0.0039
53905.94 0.9339 0.0040
53905.96 0.9319 0.0041
53905.98 0.9336 0.0052
53906.70 1.0188 0.0063
53906.72 1.0286 0.0033
53906.74 1.0161 0.0037
53906.76 1.0349 0.0032
53906.78 1.0393 0.0045
53906.80 1.0390 0.0041
53906.84 0.8517 0.0097
53906.86 0.6768 0.0050
53906.88 0.8627 0.0084
53906.90 1.0349 0.0089
53906.92 0.7511 0.0081
53906.94 0.6416 0.0040
53906.96 1.0615 0.0042
53908.70 0.9375 0.0048
53908.72 0.9818 0.0029
53908.74 1.0630 0.0035
53908.76 0.9489 0.0039
53908.78 0.9508 0.0039
53908.80 1.0569 0.0043
53908.82 1.0915 0.0075
53908.88 0.5370 0.0118
53908.92 0.6313 0.0073
53909.70 1.0047 0.0044
53909.72 1.0118 0.0028
53909.74 1.0080 0.0027
53909.76 1.0083 0.0026
53909.78 0.9981 0.0025
53909.80 0.9801 0.0043
53909.84 1.0258 0.0047
53909.88 1.0302 0.0043
53909.90 1.0413 0.0045
53909.92 1.0366 0.0045
53909.94 1.0294 0.0047
53909.96 1.0335 0.0060
53910.70 1.0814 0.0049
53910.72 1.0864 0.0029
53910.74 1.0907 0.0026
53910.76 1.0970 0.0027
53910.78 1.0846 0.0028
53910.80 1.0807 0.0037
53910.82 1.0729 0.0043
53910.84 1.0788 0.0037
53910.86 1.0737 0.0052
53910.88 1.0815 0.0038
53910.90 1.0925 0.0054
53910.92 1.0790 0.0044
53910.94 1.0687 0.0041
53912.70 0.9936 0.0051
53912.72 0.9901 0.0029
53912.74 0.9901 0.0027
53912.76 0.9899 0.0052
53915.70 0.9733 0.0048
53915.72 0.9789 0.0029
53915.74 0.9927 0.0029
53915.76 0.9999 0.0048
53915.88 0.9850 0.0042
53915.90 1.0023 0.0044
53915.92 1.0142 0.0046
53915.94 1.0172 0.0052
53916.70 1.0755 0.0054
53916.72 1.0759 0.0032
53916.74 1.0834 0.0031
53916.76 1.0764 0.0031
53916.78 1.0701 0.0036
53916.80 1.0615 0.0041
53916.82 1.0686 0.0046
53916.84 1.0662 0.0045
53916.86 1.0914 0.0045
53916.88 1.0775 0.0046
53916.90 1.0891 0.0048
53916.92 1.0848 0.0049
53916.94 1.0762 0.0054
53917.70 1.0037 0.0045
53917.72 1.0051 0.0029
53917.74 0.9965 0.0027
53917.76 0.9862 0.0027
53917.78 0.9701 0.0029
53917.80 0.9846 0.0039
53917.82 0.9917 0.0044
53917.84 1.0027 0.0043
53917.86 0.9909 0.0042
53917.88 0.9941 0.0057
53917.90 0.9891 0.0045
53917.92 0.9742 0.0046
53918.70 0.9598 0.0051
53918.72 0.9619 0.0029
53918.74 0.9625 0.0029
53918.76 0.9753 0.0029
53918.78 0.9516 0.0035
53918.80 0.9921 0.0044
53918.82 0.9744 0.0049
53918.84 0.9614 0.0056
53918.86 0.9757 0.0049
53918.88 0.9707 0.0057
53918.90 0.9928 0.0057
53918.92 0.9914 0.0052
53919.70 1.0549 0.0061
53919.72 1.0532 0.0032
53919.74 1.0557 0.0032
53919.76 1.0567 0.0031
53919.78 1.0380 0.0042
53919.80 1.0444 0.0050
53919.82 1.0421 0.0054
53919.84 1.0603 0.0055
53919.86 1.0665 0.0065
53919.88 1.0671 0.0066
53919.90 1.0500 0.0067
53919.92 1.0576 0.0066
53920.72 1.0140 0.0099
53920.74 1.0173 0.0112
53925.74 1.0121 0.0085
53925.76 1.0129 0.0084
53926.88 1.0327 0.0116
53926.90 1.0258 0.0116
53927.70 0.9847 0.0083
53927.72 0.9828 0.0063
53927.74 1.0012 0.0058
53927.76 1.0221 0.0089
53927.80 0.9952 0.0101
53927.82 0.9869 0.0100
53927.84 1.0091 0.0102
53927.86 0.9686 0.0099
53927.88 1.0112 0.0112
53927.90 0.9917 0.0120
53933.82 1.0302 0.0049
53933.84 1.0223 0.0041
53933.86 1.0255 0.0046
53933.88 1.0261 0.0041
53934.72 1.0075 0.0025
53934.74 0.9973 0.0026
53934.76 1.0101 0.0031
53934.78 0.9996 0.0038
53935.72 0.9932 0.0024
53935.74 1.0016 0.0025
53935.76 1.0011 0.0032
53935.78 1.0006 0.0032
53935.80 0.9997 0.0036
53935.82 0.9918 0.0036
53935.84 1.0025 0.0043
53935.86 1.0130 0.0044
53935.88 1.0181 0.0042
53941.72 0.9659 0.0026
53941.74 0.9555 0.0029
53941.76 0.9508 0.0033
53941.78 0.9574 0.0034
53941.80 0.9610 0.0039
53941.82 0.9732 0.0038
53941.84 0.9685 0.0057
53941.86 0.9662 0.0044
53942.72 1.0535 0.0027
53942.74 1.0403 0.0029
53942.76 1.0540 0.0035
53942.78 1.0549 0.0035
53942.80 1.0447 0.0037
53942.82 1.0306 0.0044
53942.84 1.0547 0.0046
53942.86 1.0558 0.0048
53943.72 1.0644 0.0115
53943.78 1.0270 0.0105
53943.80 1.0361 0.0070
53943.82 1.0390 0.0063
53946.72 1.0639 0.0038
53946.74 1.0594 0.0044
53946.76 1.0486 0.0049
53946.78 1.0498 0.0050
53946.80 1.0476 0.0062
53946.82 1.0443 0.0062
54131.98 0.9980 0.0098
54132.00 1.0024 0.0079
54132.02 1.0366 0.0073
54132.04 1.0073 0.0060
54132.06 1.0112 0.0056
54132.08 1.0205 0.0068
54132.10 1.0186 0.0049
54132.12 1.0040 0.0062
54133.98 1.0031 0.0090
54134.00 1.0259 0.0084
54134.02 1.0108 0.0079
54134.04 0.9898 0.0067
54134.06 0.9998 0.0064
54134.08 0.9901 0.0083
54134.10 0.9979 0.0072
54134.12 1.0025 0.0066
54135.06 1.0113 0.0084
54135.96 1.0206 0.0112
54135.98 0.9928 0.0082
54136.00 1.0034 0.0077
54136.02 1.0171 0.0074
54136.04 1.0104 0.0063
54136.06 1.0103 0.0061
54136.96 1.0173 0.0070
54136.98 0.9974 0.0063
54137.00 0.9990 0.0057
54137.02 0.9990 0.0044
54137.04 0.9985 0.0043
54137.06 1.0000 0.0047
54137.08 0.9862 0.0042
54137.10 0.9929 0.0047
54137.12 0.9930 0.0042
54144.94 1.0055 0.0037
54144.96 1.0101 0.0037
54144.98 1.0110 0.0031
54145.00 1.0034 0.0027
54145.02 1.0042 0.0027
54145.04 1.0085 0.0031
54145.06 1.0017 0.0027
54145.08 1.0058 0.0030
54145.10 1.0239 0.0061
54147.92 1.0281 0.0049
54147.94 1.0187 0.0030
54147.96 1.0212 0.0034
54147.98 1.0176 0.0030
54148.00 1.0123 0.0034
54148.02 1.0098 0.0029
54148.04 1.0208 0.0029
54148.06 1.0211 0.0029
54148.08 1.0129 0.0029
54148.10 1.0154 0.0057
54150.92 1.0284 0.0038
54150.94 1.0228 0.0037
54150.96 1.0225 0.0031
54150.98 1.0243 0.0036
54151.00 1.0249 0.0031
54151.02 1.0264 0.0030
54151.04 1.0259 0.0030
54151.06 1.0254 0.0035
54151.08 1.0220 0.0030
54151.10 1.0279 0.0042
54151.12 1.0354 0.0030
54151.14 1.0333 0.0044
54151.92 1.0357 0.0037
54151.94 1.0227 0.0031
54151.96 1.0352 0.0036
54151.98 1.0365 0.0030
54152.00 1.0347 0.0029
54152.02 1.0288 0.0033
54152.04 1.0328 0.0029
54152.06 1.0338 0.0029
54152.08 1.0312 0.0029
54152.10 1.0415 0.0042
54152.12 1.0409 0.0030
54152.14 1.0428 0.0046
54152.90 1.0442 0.0060
54152.92 1.0247 0.0036
54152.94 1.0080 0.0032
54152.96 1.0108 0.0034
54152.98 1.0221 0.0029
54153.00 1.0168 0.0029
54153.02 1.0299 0.0030
54153.04 1.0307 0.0028
54153.06 1.0160 0.0030
54153.08 1.0054 0.0028
54153.10 1.0014 0.0039
54153.12 1.0097 0.0028
54153.14 1.0064 0.0041
54154.90 1.0165 0.0058
54154.92 1.0219 0.0059
54154.96 1.0051 0.0034
54154.98 1.0072 0.0030
54155.00 1.0088 0.0030
54155.02 1.0069 0.0034
54155.04 1.0128 0.0030
54155.06 1.0205 0.0030
54155.08 1.0153 0.0030
54155.10 1.0127 0.0042
54155.12 1.0144 0.0033
54155.14 1.0221 0.0065
54155.90 1.0089 0.0063
54155.92 1.0107 0.0032
54155.94 1.0158 0.0031
54155.96 1.0211 0.0043
54155.98 1.0223 0.0049
54156.00 1.0175 0.0036
54158.90 0.9840 0.0079
54158.92 0.9860 0.0061
54158.94 1.0012 0.0068
54158.96 0.9844 0.0052
54158.98 0.9893 0.0049
54159.00 0.9931 0.0052
54159.02 0.9827 0.0039
54159.04 0.9888 0.0030
54159.06 0.9833 0.0039
54159.08 0.9902 0.0041
54159.10 0.9788 0.0041
54159.12 0.9923 0.0033
54159.14 0.9947 0.0036
54159.90 0.9735 0.0079
54159.92 0.9880 0.0066
54159.94 0.9931 0.0070
54159.96 0.9918 0.0057
54159.98 1.0044 0.0056
54160.00 0.9993 0.0053
54160.02 0.9976 0.0055
54160.04 1.0022 0.0059
54160.90 1.0166 0.0092
54160.92 1.0063 0.0117
54169.86 0.9234 0.0067
54169.88 0.9199 0.0059
54169.90 0.9361 0.0052
54169.92 0.9391 0.0052
54169.94 0.9434 0.0046
54169.96 0.9282 0.0045
54169.98 0.9159 0.0050
54170.00 0.9199 0.0044
54170.02 0.9126 0.0043
54170.04 0.9064 0.0044
54170.06 0.9078 0.0049
54170.08 0.8993 0.0038
54170.10 0.8997 0.0044
54170.12 0.9033 0.0043
54170.14 0.8935 0.0040
54170.16 0.8972 0.0074
54170.86 0.9801 0.0055
54170.88 1.0032 0.0036
54170.90 1.0014 0.0046
54170.92 0.9926 0.0045
54170.94 0.9915 0.0045
54170.96 0.9879 0.0043
54170.98 1.0061 0.0047
54171.00 0.9950 0.0059
54171.02 0.9926 0.0085
54174.86 1.0306 0.0032
54174.88 1.0177 0.0028
54174.90 1.0231 0.0024
54174.92 1.0150 0.0023
54174.94 1.0145 0.0023
54174.96 1.0084 0.0027
54174.98 1.0102 0.0026
54175.00 1.0041 0.0027
54175.02 1.0060 0.0027
54175.04 1.0033 0.0027
54175.06 1.0056 0.0024
54175.08 1.0090 0.0026
54175.10 0.9987 0.0025
54175.12 0.9924 0.0043
54175.90 0.9998 0.0084
54175.92 0.9938 0.0049
54175.94 0.9871 0.0034
54175.96 0.9907 0.0040
54175.98 0.9982 0.0036
54176.00 1.0070 0.0031
54176.02 0.9980 0.0028
54176.04 0.9938 0.0037
54176.06 1.0024 0.0030
54176.08 0.9915 0.0031
54176.10 0.9998 0.0028
54176.12 0.9895 0.0034
54176.14 0.9992 0.0025
54176.16 1.0002 0.0046
54177.84 1.0216 0.0056
54177.86 1.0108 0.0032
54177.88 1.0053 0.0026
54177.90 1.0156 0.0026
54177.92 1.0154 0.0027
54177.94 1.0049 0.0024
54177.96 0.9986 0.0028
54177.98 0.9999 0.0030
54178.00 1.0012 0.0032
54178.02 1.0036 0.0033
54178.14 0.9975 0.0028
54178.16 0.9938 0.0051
54178.84 1.0053 0.0048
54178.86 0.9943 0.0027
54178.88 1.0054 0.0029
54178.90 0.9956 0.0023
54178.92 0.9875 0.0023
54178.94 0.9889 0.0027
54178.96 1.0011 0.0027
54178.98 0.9960 0.0023
54179.00 0.9860 0.0027
54179.02 0.9804 0.0027
54179.04 0.9800 0.0027
54179.06 0.9832 0.0024
54179.08 0.9888 0.0026
54179.10 0.9875 0.0023
54179.12 0.9910 0.0034
54179.14 0.9934 0.0023
54179.16 0.9858 0.0041
54179.84 0.9979 0.0038
54179.86 0.9786 0.0028
54179.88 0.9740 0.0027
54179.90 0.9919 0.0025
54179.92 0.9894 0.0024
54179.94 0.9799 0.0025
54179.96 0.9848 0.0027
54179.98 0.9805 0.0027
54180.00 0.9848 0.0027
54180.02 0.9836 0.0027
54180.04 0.9827 0.0025
54180.06 0.9826 0.0024
54180.08 0.9810 0.0026
54180.10 0.9834 0.0022
54180.12 0.9811 0.0034
54180.14 0.9942 0.0022
54180.16 0.9888 0.0042
54180.84 1.0196 0.0070
54180.86 1.0174 0.0032
54180.88 1.0287 0.0062
54180.90 1.0120 0.0025
54180.92 1.0097 0.0024
54180.94 1.0038 0.0026
54180.96 1.0077 0.0028
54180.98 1.0015 0.0027
54181.00 1.0054 0.0027
54181.02 1.0042 0.0027
54181.04 0.9983 0.0024
54181.06 1.0039 0.0030
54181.08 1.0023 0.0031
54181.10 0.9963 0.0027
54181.12 0.9895 0.0032
54181.14 0.9918 0.0024
54181.16 0.9805 0.0040
54181.94 0.9731 0.0033
54181.96 0.9764 0.0047
54182.84 0.9922 0.0033
54182.86 0.9743 0.0029
54182.88 0.9790 0.0026
54182.90 0.9738 0.0061
54182.92 0.9793 0.0034
54182.94 0.9838 0.0057
54183.82 0.9749 0.0072
54183.84 0.9624 0.0037
54183.86 0.9626 0.0031
54183.88 0.9526 0.0024
54183.90 0.9532 0.0026
54183.92 0.9547 0.0025
54183.94 0.9555 0.0027
54183.96 0.9565 0.0026
54183.98 0.9593 0.0028
54184.00 0.9575 0.0026
54184.02 0.9645 0.0029
54184.04 0.9494 0.0026
54184.06 0.9423 0.0030
54184.08 0.9348 0.0030
54184.10 0.9500 0.0113
54184.14 0.9502 0.0049
54184.16 0.9821 0.0057
54185.90 0.9656 0.0045
54185.92 0.9671 0.0030
54185.94 0.9626 0.0031
54185.96 0.9710 0.0030
54185.98 0.9591 0.0050
54186.00 0.9663 0.0094
54186.06 0.9240 0.0119
54186.08 0.9441 0.0076
54198.78 0.9293 0.0064
54198.80 0.9484 0.0031
54198.82 0.9382 0.0028
54198.84 0.9363 0.0031
54198.86 0.9347 0.0041
54198.88 0.9304 0.0036
54198.90 0.9258 0.0037
54198.92 0.9194 0.0036
54198.94 0.9081 0.0038
54198.96 0.9247 0.0038
54198.98 0.9231 0.0040
54199.00 0.9240 0.0041
54199.02 0.8995 0.0046
54199.04 0.9003 0.0038
54199.06 0.8923 0.0039
54199.08 0.8847 0.0036
54199.10 0.8718 0.0031
54199.12 0.8739 0.0027
54199.14 0.8578 0.0032
54199.16 0.8528 0.0037
54199.78 0.7960 0.0080
54199.80 0.7796 0.0029
54199.82 0.7749 0.0033
54199.84 0.7742 0.0023
54199.86 0.7843 0.0022
54199.88 0.7767 0.0027
54199.90 0.7793 0.0034
54199.92 0.7981 0.0070
54199.96 0.8111 0.0032
54199.98 0.8068 0.0038
54200.00 0.8193 0.0031
54200.02 0.8180 0.0033
54200.04 0.8276 0.0032
54200.06 0.8323 0.0029
54200.08 0.8479 0.0030
54200.10 0.8471 0.0029
54200.12 0.8598 0.0029
54200.14 0.8524 0.0043
54200.16 0.8709 0.0047
54200.78 0.9153 0.0043
54200.80 0.9208 0.0028
54200.82 0.9261 0.0034
54202.80 0.8883 0.0032
54202.82 0.8795 0.0030
54202.84 0.8902 0.0030
54202.86 0.8888 0.0029
54202.88 0.8867 0.0033
54202.90 0.8933 0.0046
54202.92 0.8857 0.0046
54202.94 0.8979 0.0047
54202.96 0.9061 0.0047
54202.98 0.9183 0.0045
54203.02 0.9202 0.0052
54204.78 0.9752 0.0042
54204.80 0.9756 0.0032
54204.82 0.9706 0.0034
54204.84 0.9774 0.0026
54204.86 0.9819 0.0024
54204.88 0.9796 0.0029
54204.90 0.9716 0.0025
54204.92 0.9715 0.0027
54204.94 0.9834 0.0027
54204.96 0.9749 0.0027
54204.98 0.9746 0.0024
54205.00 0.9801 0.0026
54205.02 0.9743 0.0025
54205.04 0.9670 0.0025
54205.06 0.9772 0.0024
54205.08 0.9713 0.0022
54205.10 0.9771 0.0023
54205.12 0.9777 0.0046
54205.76 0.6686 0.0062
54205.78 0.6552 0.0031
54205.80 0.6310 0.0026
54205.82 0.6055 0.0023
54205.84 0.5962 0.0025
54205.86 0.5987 0.0023
54205.88 0.6107 0.0026
54205.90 0.6241 0.0024
54205.92 0.6343 0.0034
54206.78 0.4920 0.0029
54206.80 0.4974 0.0026
54206.82 0.4960 0.0024
54206.84 0.4913 0.0024
54206.86 0.4898 0.0023
54206.88 0.4942 0.0026
54206.90 0.4737 0.0025
54206.92 0.4616 0.0026
54206.94 0.4453 0.0026
54206.96 0.4201 0.0027
54206.98 0.3877 0.0022
54207.00 0.3732 0.0022
54207.02 0.3752 0.0022
54207.04 0.3831 0.0021
54207.06 0.4072 0.0021
54207.08 0.4453 0.0020
54207.10 0.4857 0.0021
54207.12 0.5183 0.0025
54207.14 0.5394 0.0069
54207.76 0.3981 0.0036
54207.78 0.3953 0.0028
54207.80 0.3824 0.0024
54207.82 0.3781 0.0023
54207.84 0.3719 0.0024
54207.86 0.3695 0.0022
54207.88 0.3846 0.0025
54207.90 0.4140 0.0025
54207.92 0.4737 0.0026
54207.94 0.5394 0.0027
54207.96 0.6148 0.0025
54207.98 0.6715 0.0025
54208.00 0.6988 0.0032
54208.76 0.6840 0.0045
54208.78 0.6866 0.0030
54208.80 0.6846 0.0026
54208.82 0.6902 0.0027
54208.84 0.6927 0.0027
54208.86 0.6885 0.0032
54210.76 0.6103 0.0031
54210.78 0.6172 0.0029
54210.80 0.6221 0.0024
54210.82 0.6312 0.0023
54210.84 0.6458 0.0022
54210.86 0.6595 0.0025
54210.88 0.6634 0.0024
54210.90 0.6615 0.0024
54210.92 0.6493 0.0022
54210.94 0.6366 0.0026
54210.96 0.6299 0.0025
54210.98 0.6220 0.0026
54211.00 0.6074 0.0024
54211.02 0.5857 0.0027
54211.04 0.5808 0.0025
54211.06 0.5719 0.0026
54211.08 0.5656 0.0026
54211.10 0.5585 0.0026
54211.12 0.5540 0.0035
54211.14 0.5542 0.0071
54211.74 0.6473 0.0074
54211.76 0.6445 0.0039
54211.78 0.6254 0.0037
54211.80 0.6108 0.0028
54211.82 0.6020 0.0024
54211.84 0.5925 0.0024
54211.86 0.5847 0.0027
54211.88 0.5736 0.0025
54211.90 0.5589 0.0025
54211.92 0.5558 0.0026
54211.94 0.5432 0.0025
54211.96 0.5329 0.0023
54211.98 0.5336 0.0025
54212.00 0.5249 0.0025
54212.02 0.5170 0.0024
54212.04 0.5146 0.0026
54212.06 0.5165 0.0027
54212.08 0.5093 0.0026
54212.10 0.5056 0.0027
54212.12 0.4840 0.0041
54212.80 0.5243 0.0108
54212.90 0.5795 0.0028
54212.92 0.5714 0.0032
54212.94 0.5539 0.0037
54212.96 0.5487 0.0108
54212.98 0.5301 0.0032
54213.00 0.5179 0.0027
54213.02 0.5185 0.0032
54213.04 0.5093 0.0028
54213.06 0.5215 0.0024
54213.08 0.5337 0.0023
54213.10 0.5491 0.0024
54213.12 0.5553 0.0043
54213.14 0.5744 0.0065
54213.74 0.4861 0.0073
54213.76 0.4766 0.0037
54213.78 0.4694 0.0035
54213.80 0.4477 0.0029
54213.82 0.4322 0.0029
54213.84 0.4181 0.0027
54213.86 0.3857 0.0028
54213.88 0.3654 0.0025
54213.90 0.3506 0.0022
54213.92 0.3314 0.0020
54213.94 0.3088 0.0022
54213.96 0.3034 0.0025
54213.98 0.3003 0.0080
54214.00 0.2953 0.0042
54214.84 0.2649 0.0043
54214.86 0.2478 0.0040
54214.88 0.2296 0.0035
54214.90 0.2094 0.0042
54214.92 0.2027 0.0037
54214.94 0.2092 0.0034
54214.96 0.2186 0.0025
54214.98 0.2310 0.0025
54215.00 0.2478 0.0028
54215.02 0.2630 0.0030
54215.04 0.2870 0.0029
54215.06 0.3040 0.0026
54215.08 0.3260 0.0025
54215.10 0.3374 0.0034
54215.12 0.3444 0.0052
54215.74 0.2226 0.0074
54215.76 0.2274 0.0053
54215.78 0.2048 0.0054
54215.80 0.1809 0.0040
54215.82 0.1796 0.0042
54215.84 0.1777 0.0043
54215.86 0.1715 0.0039
54215.88 0.1730 0.0033
54215.90 0.1741 0.0040
54215.92 0.1735 0.0042
54215.94 0.1790 0.0032
54215.96 0.1835 0.0028
54215.98 0.1936 0.0025
54216.00 0.1976 0.0024
54216.02 0.1978 0.0022
54216.04 0.2032 0.0025
54216.06 0.2039 0.0024
54216.08 0.2122 0.0028
54216.10 0.2058 0.0042
54224.72 0.0525 0.0076
54224.74 0.0622 0.0072
54224.76 0.0472 0.0085
54224.78 0.0428 0.0074
54224.80 0.0446 0.0074
54224.82 0.0399 0.0077
54224.84 0.0413 0.0079
54224.86 0.0346 0.0071
54224.88 0.0526 0.0071
54224.90 0.0504 0.0075
54224.92 0.0430 0.0066
54224.94 0.0657 0.0070
54224.96 0.0555 0.0068
54224.98 0.0538 0.0069
54225.00 0.0552 0.0076
54225.02 0.0550 0.0081
54225.04 0.0646 0.0074
54225.06 0.0625 0.0075
54225.72 0.0695 0.0037
54225.74 0.0677 0.0034
54226.72 0.1143 0.0056
54226.74 0.1153 0.0040
54226.76 0.1120 0.0031
54226.78 0.1056 0.0033
54226.80 0.1016 0.0076
54226.86 0.1192 0.0079
54226.88 0.0942 0.0061
54226.90 0.0992 0.0066
54226.92 0.0994 0.0073
54226.94 0.1105 0.0077
54226.96 0.1012 0.0117
54226.98 0.1024 0.0081
54227.00 0.1130 0.0069
54229.86 0.5778 0.0113
54229.88 0.5974 0.0047
54229.90 0.5896 0.0040
54229.92 0.6134 0.0037
54229.94 0.6179 0.0032
54229.96 0.6266 0.0039
54229.98 0.6272 0.0051
54230.00 0.6328 0.0051
54230.02 0.6289 0.0091
54230.04 0.6289 0.0110
54230.06 0.6446 0.0082
54230.08 0.6392 0.0095
54230.72 0.4715 0.0064
54230.74 0.4778 0.0030
54230.76 0.4937 0.0027
54230.78 0.5076 0.0026
54230.80 0.5110 0.0031
54230.82 0.5122 0.0029
54230.84 0.5215 0.0026
54230.86 0.5162 0.0027
54230.88 0.5093 0.0028
54230.90 0.5052 0.0027
54230.92 0.5047 0.0033
54230.94 0.5083 0.0048
54230.96 0.5154 0.0041
54230.98 0.5046 0.0043
54231.00 0.5118 0.0035
54231.02 0.5173 0.0048
54231.04 0.5130 0.0043
54231.06 0.5124 0.0071
54231.08 0.4870 0.0114
54231.72 0.3920 0.0035
54231.74 0.3984 0.0026
54231.76 0.4082 0.0026
54231.78 0.4148 0.0024
54231.80 0.4135 0.0023
54231.82 0.4155 0.0024
54231.84 0.4169 0.0024
54231.86 0.4057 0.0025
54231.88 0.4028 0.0024
54231.90 0.3846 0.0022
54231.92 0.3670 0.0021
54231.94 0.3462 0.0024
54231.96 0.3302 0.0022
54231.98 0.3154 0.0025
54232.00 0.3069 0.0025
54232.02 0.2959 0.0023
54232.04 0.2925 0.0027
54232.06 0.2905 0.0038
54232.08 0.2867 0.0049
54232.70 0.5308 0.0093
54232.72 0.5335 0.0035
54232.74 0.5178 0.0026
54232.76 0.5060 0.0023
54232.78 0.4964 0.0021
54232.80 0.4848 0.0024
54232.82 0.4737 0.0024
54232.84 0.4615 0.0024
54232.86 0.4490 0.0020
54232.88 0.4515 0.0023
54232.90 0.4592 0.0024
54232.92 0.4649 0.0020
54232.94 0.4704 0.0021
54232.96 0.4753 0.0023
54232.98 0.4818 0.0024
54233.00 0.4939 0.0022
54233.02 0.5077 0.0027
54233.04 0.5211 0.0025
54233.06 0.5394 0.0035
54233.08 0.5633 0.0047
54235.70 0.6026 0.0087
54235.72 0.6163 0.0032
54235.74 0.6165 0.0037
54236.00 0.6420 0.0033
54236.02 0.6427 0.0032
54236.04 0.6531 0.0041
54236.72 0.7096 0.0032
54236.74 0.7157 0.0027
54236.76 0.7129 0.0051
54236.78 0.7195 0.0025
54236.80 0.7281 0.0031
54236.84 0.7173 0.0051
54236.88 0.6976 0.0037
54236.90 0.6896 0.0042
54236.92 0.6913 0.0054
54236.96 0.6754 0.0050
54236.98 0.6940 0.0036
54237.00 0.6797 0.0032
54237.02 0.6763 0.0038
54237.04 0.6765 0.0056
54237.72 0.8233 0.0040
54237.74 0.8270 0.0030
54237.76 0.8203 0.0028
54237.78 0.8150 0.0032
54237.80 0.8339 0.0031
54237.82 0.8312 0.0027
54237.84 0.8307 0.0029
54237.86 0.8269 0.0028
54237.88 0.8303 0.0029
54237.90 0.8297 0.0025
54237.92 0.8245 0.0025
54237.94 0.8305 0.0027
54237.96 0.8252 0.0029
54237.98 0.8363 0.0028
54238.00 0.8385 0.0030
54238.02 0.8437 0.0032
54238.04 0.8532 0.0038
54238.72 0.9038 0.0030
54238.74 0.9041 0.0032
54238.76 0.9027 0.0027
54238.78 0.8980 0.0027
54238.80 0.8952 0.0030
54238.82 0.8894 0.0029
54238.84 0.8830 0.0030
54238.86 0.8810 0.0032
54238.88 0.8886 0.0029
54238.90 0.8746 0.0041
54238.92 0.8642 0.0034
54238.94 0.8634 0.0038
54243.84 0.6380 0.0060
54243.86 0.6298 0.0050
54243.88 0.6162 0.0040
54243.94 0.6433 0.0069
54243.96 0.6250 0.0068
54245.70 0.7031 0.0110
54245.72 0.7338 0.0046
54245.74 0.7748 0.0045
54245.76 0.7907 0.0055
54245.78 0.8101 0.0041
54245.80 0.8196 0.0044
54245.82 0.8329 0.0045
54245.84 0.8430 0.0052
54245.86 0.8454 0.0045
54245.90 0.8067 0.0043
54245.92 0.8198 0.0043
54245.94 0.8412 0.0052
54245.96 0.8664 0.0046
54245.98 0.8750 0.0053
54246.00 0.8622 0.0050
54246.02 0.8544 0.0077
54252.70 1.0084 0.0120
54252.72 0.9840 0.0105
54252.74 0.9864 0.0119
54252.76 0.9733 0.0104
54252.78 0.9969 0.0094
54252.80 0.9751 0.0082
54252.82 0.9666 0.0087
54252.84 0.9642 0.0106
54252.86 0.9220 0.0117
54252.92 0.9489 0.0079
54252.94 0.9523 0.0074
54252.96 0.9290 0.0067
54253.70 0.9354 0.0113
54253.72 0.9077 0.0072
54253.74 0.9021 0.0074
54253.76 0.9023 0.0084
54253.78 0.8909 0.0085
54253.80 0.9236 0.0075
54253.82 0.9018 0.0073
54253.84 0.8999 0.0074
54253.86 0.8799 0.0078
54253.88 0.8826 0.0079
54253.90 0.8894 0.0076
54253.92 0.9140 0.0084
54253.94 0.9078 0.0075
54253.96 0.8653 0.0070
54253.98 0.9020 0.0101
54254.78 1.0026 0.0092
54254.80 1.0020 0.0063
54254.84 1.0042 0.0070
54254.86 1.0073 0.0072
54254.88 0.9936 0.0087
54256.74 0.9819 0.0065
54256.76 0.9739 0.0033
54256.78 0.9975 0.0038
54264.70 1.0035 0.0045
54264.72 1.0086 0.0028
54264.74 1.0093 0.0028
54264.76 1.0048 0.0025
54264.78 1.0064 0.0025
54264.80 1.0022 0.0030
54264.82 0.9948 0.0025
54264.84 0.9832 0.0025
54264.86 0.9788 0.0027
54264.88 0.9897 0.0031
54264.90 0.9708 0.0030
54264.92 1.0106 0.0031
54264.94 1.0149 0.0037
54265.70 1.0013 0.0044
54265.72 1.0084 0.0030
54265.74 0.9991 0.0026
54265.76 1.0407 0.0027
54265.78 1.0349 0.0029
54265.80 1.0385 0.0083
54265.86 1.0166 0.0062
54265.88 1.0080 0.0050
54265.90 1.0121 0.0035
54266.70 0.9895 0.0063
54266.72 0.9878 0.0039
54266.74 0.9817 0.0026
54266.76 0.9889 0.0027
54266.78 1.0039 0.0030
54266.80 1.0161 0.0040
54266.82 1.0084 0.0049
54267.70 1.0001 0.0038
54267.72 0.9919 0.0023
54267.74 0.9880 0.0021
54267.76 0.9818 0.0024
54267.78 0.9858 0.0027
54267.80 1.0097 0.0025
54267.82 0.9964 0.0025
54267.84 1.0016 0.0025
54267.86 0.9915 0.0032
54267.88 0.9941 0.0032
54267.90 0.9931 0.0027
54267.92 0.9938 0.0032
54267.94 0.9861 0.0033
54268.70 0.9966 0.0055
54268.72 0.9875 0.0026
54268.74 0.9905 0.0025
54268.76 0.9802 0.0057
54269.70 0.9758 0.0054
54269.72 0.9685 0.0028
54269.74 0.9905 0.0030
54269.76 1.0060 0.0030
54269.78 1.0011 0.0031
54269.80 1.0118 0.0028
54269.82 0.9957 0.0061
54269.84 0.9898 0.0050
54269.86 0.9731 0.0034
54269.88 0.9796 0.0061
54269.90 0.9829 0.0035
54269.92 0.9610 0.0038
54270.70 1.0171 0.0045
54270.72 1.0160 0.0026
54270.74 1.0184 0.0026
54270.76 1.0163 0.0024
54270.78 1.0122 0.0025
54270.80 1.0018 0.0025
54270.82 1.0028 0.0029
54270.84 1.0002 0.0029
54270.86 0.9924 0.0028
54270.88 1.0021 0.0033
54270.90 1.0109 0.0028
54270.92 1.0079 0.0033
54270.94 1.0135 0.0034
54271.70 1.0135 0.0049
54271.72 1.0087 0.0028
54271.74 1.0103 0.0025
54271.76 1.0033 0.0024
54271.78 0.9974 0.0027
54271.80 0.9992 0.0026
54271.82 1.0088 0.0027
54271.84 1.0187 0.0028
54271.86 1.0217 0.0032
54271.88 1.0263 0.0029
54271.90 1.0236 0.0026
54271.92 1.0228 0.0034
54271.94 1.0289 0.0050
54272.70 0.9933 0.0064
54272.72 0.9814 0.0031
54272.74 0.9925 0.0030
54272.76 0.9964 0.0032
54272.78 0.9968 0.0033
54272.80 0.9994 0.0033
54272.82 0.9901 0.0036
54272.84 0.9838 0.0038
54272.86 0.9833 0.0042
54272.88 0.9879 0.0038
54272.90 0.9735 0.0043
54272.92 0.9909 0.0040
54272.94 1.0030 0.0050
54273.70 1.0172 0.0068
54273.72 1.0130 0.0041
54273.74 1.0096 0.0037
54273.76 1.0104 0.0038
54273.78 1.0078 0.0038
54273.80 0.9981 0.0036
54273.82 0.9937 0.0038
54273.84 1.0080 0.0042
54273.86 1.0167 0.0049
54273.88 1.0256 0.0051
54273.90 1.0017 0.0043
54273.92 0.9825 0.0059
54273.94 0.9966 0.0074
54284.80 0.9851 0.0053
54284.82 0.9165 0.0054
54284.84 0.9860 0.0073
54285.84 0.9886 0.0080
54285.86 0.9975 0.0059
54285.88 0.9693 0.0068
54285.90 1.0071 0.0074
54285.92 1.0039 0.0065
54285.94 1.0076 0.0085
54286.70 1.0345 0.0045
54286.72 1.0203 0.0021
54286.74 1.0129 0.0022
54286.76 1.0055 0.0021
54286.78 1.0033 0.0023
54286.80 0.9943 0.0026
54286.82 0.9991 0.0027
54286.84 1.0089 0.0030
54286.86 1.0032 0.0031
54286.88 0.9912 0.0042
54286.90 0.9909 0.0053
54286.92 0.9863 0.0064
54286.94 1.0053 0.0090
54287.76 0.9913 0.0025
54287.78 0.9780 0.0039
54287.80 0.9830 0.0080
54287.86 0.9916 0.0050
54287.90 0.9999 0.0093
54290.70 0.9953 0.0037
54290.72 0.9853 0.0021
54290.74 0.9993 0.0020
54290.76 0.9895 0.0021
54291.70 1.0062 0.0044
54291.72 0.9932 0.0023
54291.74 0.9994 0.0021
54291.76 0.9943 0.0022
54291.78 0.9943 0.0023
54291.80 0.9906 0.0025
54291.82 0.9926 0.0028
54291.84 0.9985 0.0030
54291.86 0.9944 0.0028
54291.88 1.0008 0.0031
54291.90 1.0098 0.0047
54291.92 0.9965 0.0048
54293.70 0.9914 0.0047
54293.72 0.9933 0.0024
54293.74 0.9984 0.0042
54293.76 0.9847 0.0026
54293.78 0.9817 0.0034
54293.82 0.9842 0.0038
54293.84 0.9880 0.0031
54293.86 0.9847 0.0032
54293.88 0.9999 0.0036
54293.90 1.0058 0.0041
54294.70 1.0050 0.0049
54294.72 1.0060 0.0022
54294.74 0.9955 0.0020
54294.76 0.9973 0.0022
54294.78 1.0013 0.0025
54294.80 0.9965 0.0028
54294.82 1.0014 0.0027
54294.84 0.9995 0.0027
54294.86 1.0030 0.0032
54294.88 1.0073 0.0035
54294.90 1.0035 0.0042
54294.92 0.9967 0.0051
54295.70 1.0216 0.0051
54295.72 1.0210 0.0023
54295.74 1.0220 0.0022
54295.76 1.0257 0.0026
54295.78 1.0251 0.0031
54295.80 1.0231 0.0043
54295.82 1.0322 0.0062
54295.92 1.0515 0.0063
54296.70 0.9865 0.0053
54296.72 1.0052 0.0024
54296.74 1.0044 0.0029
54296.76 0.9965 0.0025
54296.78 0.9948 0.0025
54296.80 0.9880 0.0051
54296.82 0.9959 0.0065
54296.84 0.9946 0.0077
54296.86 1.0053 0.0088
54296.88 1.0274 0.0074
54296.90 1.0031 0.0118
54296.92 1.0197 0.0116
54297.70 1.0179 0.0061
54297.72 1.0151 0.0023
54297.74 1.0120 0.0022
54297.76 0.9994 0.0023
54297.78 0.9958 0.0032
54297.80 0.9980 0.0028
54297.82 1.0077 0.0031
54297.84 1.0051 0.0033
54297.86 1.0203 0.0034
54297.88 1.0338 0.0037
54297.90 1.0171 0.0049
54298.70 1.0309 0.0073
54298.72 1.0185 0.0022
54298.74 1.0091 0.0023
54298.76 1.0019 0.0026
54298.78 1.0124 0.0028
54298.80 1.0126 0.0030
54298.82 1.0253 0.0031
54298.84 1.0199 0.0033
54298.86 1.0205 0.0033
54298.88 1.0019 0.0046
54298.90 1.0248 0.0051
54299.70 0.9975 0.0069
54299.72 1.0132 0.0025
54299.74 1.0008 0.0024
54299.76 1.0016 0.0029
54299.78 0.9978 0.0035
54299.80 1.0040 0.0035
54299.82 1.0169 0.0035
54299.84 1.0019 0.0038
54299.86 1.0002 0.0044
54299.88 1.0177 0.0044
54299.90 1.0048 0.0061
54300.70 0.9931 0.0070
54300.72 0.9886 0.0026
54300.74 0.9935 0.0026
54300.76 1.0034 0.0031
54300.78 0.9970 0.0037
54300.80 0.9896 0.0037
54300.82 1.0177 0.0042
54300.84 1.0043 0.0041
54300.86 1.0022 0.0040
54300.88 0.9943 0.0045
54300.90 1.0018 0.0046
54306.72 0.9852 0.0090
54496.96 1.0434 0.0074
54496.98 1.0285 0.0051
54497.00 1.0259 0.0058
54497.02 1.0273 0.0049
54497.04 1.0225 0.0043
54497.06 1.0171 0.0043
54497.08 1.0257 0.0055
54497.10 1.0355 0.0048
54497.12 1.0270 0.0076
54497.96 1.0429 0.0057
54497.98 1.0545 0.0042
54498.00 1.0440 0.0042
54498.02 1.0423 0.0042
54498.04 1.0360 0.0037
54498.06 1.0316 0.0037
54498.08 1.0382 0.0048
54498.10 1.0515 0.0049
54498.12 1.0491 0.0052
54498.96 0.9358 0.0043
54498.98 0.9396 0.0041
54499.00 0.9377 0.0035
54499.02 0.9445 0.0035
54499.04 0.9431 0.0032
54499.06 0.9436 0.0032
54499.08 0.9376 0.0041
54499.10 0.9514 0.0042
54499.12 0.9608 0.0045
54500.96 1.0645 0.0041
54500.98 1.0615 0.0037
54501.00 1.0726 0.0042
54501.02 1.0544 0.0032
54501.04 1.0629 0.0032
54501.06 1.0637 0.0036
54501.08 1.0600 0.0036
54501.10 1.0620 0.0042
54501.12 1.0539 0.0046
54501.96 0.9361 0.0044
54501.98 0.9399 0.0036
54502.00 0.9483 0.0036
54502.02 0.9295 0.0035
54502.04 0.9325 0.0031
54502.06 0.9358 0.0034
54502.08 0.9394 0.0031
54502.96 0.9918 0.0039
54502.98 1.0000 0.0043
54503.00 0.9992 0.0044
54503.02 0.9903 0.0037
54503.04 0.9956 0.0035
54503.06 1.0067 0.0041
54503.08 1.0097 0.0034
54503.10 1.0060 0.0051
54503.12 1.0009 0.0046
54510.92 1.0594 0.0059
54510.94 1.0490 0.0040
54510.96 1.0489 0.0045
54510.98 1.0499 0.0038
54511.00 1.0598 0.0034
54511.02 1.0385 0.0033
54511.04 1.0421 0.0037
54511.08 1.0318 0.0052
54511.14 1.0074 0.0074
54511.94 0.9341 0.0089
54511.96 0.9412 0.0058
54515.00 0.9425 0.0084
54515.04 0.9370 0.0106
54515.94 0.9827 0.0105
54515.96 0.9811 0.0087
54516.14 0.9977 0.0056
54517.96 0.9858 0.0095
54517.98 1.0003 0.0078
54518.00 0.9848 0.0075
54518.02 0.9815 0.0075
54518.04 0.9714 0.0069
54518.06 0.9640 0.0071
54518.08 0.9755 0.0073
54518.12 0.9886 0.0097
54519.96 1.1152 0.0095
54519.98 1.0988 0.0100
54524.06 1.0542 0.0059
54524.08 1.0429 0.0059
54524.10 1.0439 0.0056
54524.12 1.0430 0.0063
54524.14 1.0231 0.0059
54524.90 0.9374 0.0050
54524.92 0.9344 0.0053
54524.94 0.9499 0.0051
54524.96 0.9478 0.0042
54524.98 0.9466 0.0040
54525.00 0.9613 0.0043
54525.02 0.9445 0.0039
54525.04 0.9497 0.0041
54525.06 0.9344 0.0049
54525.08 0.9505 0.0059
54525.14 0.9450 0.0117
54525.88 0.9802 0.0054
54525.90 0.9821 0.0038
54525.92 0.9831 0.0046
54525.94 0.9932 0.0036
54525.96 1.0026 0.0036
54525.98 1.0165 0.0033
54526.00 1.0029 0.0054
54526.04 0.9933 0.0046
54526.08 1.0043 0.0046
54526.10 1.0082 0.0033
54526.12 1.0196 0.0039
54526.14 1.0206 0.0038
54526.88 1.0955 0.0059
54526.90 1.0810 0.0040
54526.92 1.0894 0.0039
54526.94 1.1000 0.0033
54526.96 1.1058 0.0029
54526.98 1.1088 0.0031
54527.00 1.1012 0.0035
54527.02 1.0888 0.0030
54527.04 1.0723 0.0030
54527.06 1.0717 0.0030
54527.08 1.0771 0.0036
54527.10 1.0897 0.0033
54527.12 1.0663 0.0049
54527.14 1.0755 0.0048
54527.88 0.9655 0.0048
54527.90 0.9614 0.0042
54527.92 0.9623 0.0042
54527.94 0.9677 0.0030
54527.96 0.9830 0.0030
54527.98 0.9814 0.0028
54528.00 0.9860 0.0033
54528.02 0.9586 0.0032
54528.04 0.9562 0.0032
54528.06 0.9485 0.0032
54528.08 0.9483 0.0033
54528.10 0.9440 0.0036
54528.12 0.9476 0.0057
54528.14 0.9412 0.0049
54535.86 0.9967 0.0045
54535.88 0.9857 0.0037
54535.90 0.9984 0.0043
54535.92 1.0035 0.0027
54535.94 1.0137 0.0028
54535.96 1.0276 0.0029
54535.98 1.0290 0.0031
54536.00 1.0170 0.0031
54536.02 1.0155 0.0030
54536.04 1.0180 0.0028
54536.06 1.0082 0.0034
54536.08 1.0203 0.0050
54536.14 1.0415 0.0047
54536.16 1.0364 0.0072
54537.02 1.0268 0.0040
54537.04 1.0177 0.0033
54537.06 1.0121 0.0036
54537.08 1.0041 0.0032
54537.10 1.0043 0.0037
54537.12 1.0238 0.0048
54537.14 1.0205 0.0031
54537.16 1.0176 0.0090
54538.86 0.9880 0.0039
54538.88 0.9826 0.0037
54538.90 0.9914 0.0028
54538.92 0.9841 0.0028
54538.94 0.9846 0.0026
54538.96 0.9907 0.0037
54539.02 1.0040 0.0052
54539.04 0.9924 0.0037
54539.06 0.9950 0.0037
54539.08 0.9867 0.0033
54539.10 1.0015 0.0038
54539.16 1.0029 0.0057
54543.84 1.0044 0.0107
54543.86 0.9858 0.0091
54543.88 0.9940 0.0070
54543.90 0.9891 0.0059
54543.92 1.0059 0.0057
54543.94 1.0075 0.0061
54543.96 1.0033 0.0058
54543.98 1.0201 0.0059
54544.00 1.0240 0.0060
54544.02 0.9854 0.0058
54544.04 0.9863 0.0057
54544.06 0.9840 0.0065
54544.08 0.9764 0.0058
54544.10 0.9793 0.0047
54544.12 0.9867 0.0045
54544.14 0.9831 0.0029
54544.16 0.9696 0.0057
54544.84 0.9670 0.0098
54544.86 1.0056 0.0098
54544.88 0.9924 0.0084
54544.90 0.9961 0.0066
54544.92 0.9927 0.0062
54544.94 0.9818 0.0069
54544.96 0.9882 0.0064
54544.98 1.0000 0.0092
54545.00 1.0052 0.0073
54545.04 0.9706 0.0096
54546.90 1.1004 0.0096
54546.92 1.0780 0.0095
54546.94 1.0658 0.0111
54546.96 1.0682 0.0108
54546.98 1.0648 0.0103
54547.00 1.0302 0.0103
54547.02 1.0012 0.0110
54547.04 1.0054 0.0096
54547.06 0.9788 0.0081
54547.08 0.9696 0.0082
54547.10 0.9718 0.0081
54547.12 0.9755 0.0102
54547.14 0.9223 0.0087
54551.88 0.9841 0.0071
54551.90 1.0257 0.0072
54551.92 1.0070 0.0070
54551.94 1.0234 0.0076
54551.96 1.0162 0.0067
54551.98 1.0280 0.0067
54552.14 1.0203 0.0044
54552.16 1.0052 0.0043
54552.82 1.0098 0.0038
54552.84 1.0098 0.0048
54552.86 1.0158 0.0053
54552.88 1.0165 0.0049
54552.90 1.0172 0.0048
54552.92 1.0081 0.0053
54552.94 0.9972 0.0047
54552.96 1.0054 0.0052
54552.98 1.0118 0.0054
54553.00 0.9893 0.0055
54553.02 0.9989 0.0053
54553.04 0.9713 0.0062
54553.06 0.9787 0.0065
54553.08 0.9671 0.0074
54553.10 0.9620 0.0053
54553.12 0.9578 0.0049
54553.14 0.9669 0.0040
54553.16 0.9598 0.0045
54553.82 0.9886 0.0042
54553.84 0.9861 0.0036
54553.86 0.9907 0.0035
54553.88 0.9962 0.0037
54553.90 0.9970 0.0042
54553.92 0.9988 0.0047
54553.94 1.0046 0.0049
54553.96 0.9984 0.0050
54553.98 0.9962 0.0050
54554.00 0.9993 0.0050
54554.02 0.9822 0.0043
54554.04 0.9865 0.0046
54554.06 0.9897 0.0046
54554.08 0.9974 0.0044
54554.10 0.9846 0.0059
54554.12 1.0108 0.0060
54554.14 1.0090 0.0042
54554.16 0.9966 0.0052
54554.82 1.0277 0.0036
54554.84 1.0186 0.0037
54554.86 1.0372 0.0029
54554.88 1.0242 0.0027
54554.90 1.0240 0.0029
54554.92 1.0346 0.0036
54554.94 1.0361 0.0036
54554.96 1.0407 0.0039
54554.98 1.0371 0.0039
54555.00 1.0283 0.0039
54555.02 1.0279 0.0042
54555.04 1.0269 0.0055
54555.06 1.0238 0.0048
54555.08 1.0141 0.0043
54555.10 1.0172 0.0034
54555.12 1.0077 0.0036
54555.14 1.0262 0.0035
54555.16 1.0280 0.0042
54555.80 1.0407 0.0096
54555.82 1.0268 0.0053
54555.84 1.0139 0.0047
54555.86 1.0344 0.0033
54555.88 1.0335 0.0038
54555.90 1.0320 0.0035
54555.92 1.0261 0.0037
54555.94 1.0151 0.0075
54555.96 1.0086 0.0035
54555.98 1.0110 0.0043
54556.00 0.9994 0.0046
54556.02 0.9944 0.0039
54556.04 0.9939 0.0046
54556.06 1.0009 0.0047
54556.08 0.9940 0.0041
54556.10 0.9937 0.0033
54556.12 0.9896 0.0032
54556.14 0.9990 0.0035
54556.16 0.9670 0.0057
54556.80 0.9934 0.0050
54556.82 0.9772 0.0037
54556.84 0.9684 0.0041
54556.86 0.9746 0.0029
54556.88 0.9712 0.0029
54556.90 0.9815 0.0030
54556.92 0.9828 0.0034
54556.94 0.9785 0.0029
54556.96 0.9739 0.0032
54556.98 0.9753 0.0030
54557.00 0.9885 0.0034
54557.02 0.9774 0.0042
54557.04 0.9802 0.0046
54557.06 0.9769 0.0035
54557.08 0.9751 0.0042
54557.10 0.9817 0.0031
54557.12 0.9804 0.0031
54557.16 0.9882 0.0049
54557.82 1.0344 0.0048
54557.84 1.0476 0.0056
54557.94 1.0600 0.0045
54557.96 1.0574 0.0034
54557.98 1.0460 0.0033
54558.00 1.0444 0.0034
54558.02 1.0393 0.0029
54558.04 1.0426 0.0031
54558.06 1.0423 0.0029
54558.08 1.0402 0.0029
54558.10 1.0400 0.0028
54558.12 1.0311 0.0026
54558.14 1.0419 0.0034
54558.16 1.0313 0.0039
54559.80 0.9632 0.0036
54559.82 0.9502 0.0038
54559.84 0.9582 0.0029
54559.86 0.9525 0.0031
54559.88 0.9512 0.0027
54559.90 0.9577 0.0027
54559.92 0.9695 0.0031
54559.94 0.9646 0.0031
54559.96 0.9589 0.0030
54559.98 0.9562 0.0030
54560.00 0.9488 0.0033
54560.02 0.9451 0.0043
54560.08 0.9588 0.0030
54560.10 0.9599 0.0046
54560.14 0.9647 0.0042
54560.16 0.9613 0.0039
54560.80 1.0319 0.0046
54560.82 1.0220 0.0039
54560.84 1.0392 0.0033
54560.86 1.0334 0.0031
54560.88 1.0312 0.0043
54560.90 1.0256 0.0061
54561.08 1.0297 0.0110
54561.14 1.0440 0.0034
54561.16 1.0400 0.0033
54561.80 1.0575 0.0036
54561.82 1.0555 0.0035
54561.84 1.0565 0.0030
54561.86 1.0532 0.0029
54561.88 1.0530 0.0027
54561.90 1.0513 0.0032
54561.92 1.0551 0.0028
54561.94 1.0487 0.0030
54561.96 1.0433 0.0029
54561.98 1.0355 0.0031
54562.00 1.0354 0.0029
54562.02 1.0403 0.0030
54562.04 1.0238 0.0028
54562.06 1.0389 0.0026
54562.08 1.0431 0.0029
54562.10 1.0250 0.0037
54563.78 1.0067 0.0056
54563.80 1.0081 0.0035
54563.82 0.9977 0.0033
54563.84 1.0081 0.0028
54563.86 1.0085 0.0030
54563.88 1.0084 0.0028
54563.90 1.0058 0.0031
54563.92 1.0133 0.0031
54563.94 1.0075 0.0031
54563.96 1.0103 0.0027
54563.98 1.0108 0.0033
54564.00 1.0149 0.0028
54564.02 1.0074 0.0031
54564.04 1.0181 0.0028
54564.06 1.0157 0.0027
54564.08 1.0202 0.0027
54564.10 1.0226 0.0029
54564.12 1.0316 0.0024
54564.14 1.0223 0.0048
54564.16 1.0123 0.0046
54564.78 1.0810 0.0047
54564.80 1.0614 0.0035
54564.82 1.0653 0.0036
54564.84 1.0706 0.0029
54564.86 1.0721 0.0028
54564.88 1.0712 0.0027
54564.90 1.0758 0.0033
54564.92 1.0701 0.0030
54564.94 1.0653 0.0031
54564.96 1.0646 0.0031
54564.98 1.0635 0.0033
54565.00 1.0587 0.0028
54565.02 1.0632 0.0029
54565.04 1.0670 0.0028
54565.06 1.0598 0.0025
54565.08 1.0553 0.0027
54565.10 1.0549 0.0024
54565.12 1.0540 0.0023
54565.14 1.0557 0.0040
54565.16 1.0520 0.0036
54565.78 1.0018 0.0040
54565.80 0.9756 0.0034
54565.82 0.9883 0.0033
54565.84 0.9886 0.0026
54565.86 0.9863 0.0027
54565.88 0.9762 0.0028
54565.90 0.9763 0.0029
54565.92 0.9724 0.0029
54565.94 0.9652 0.0030
54565.96 0.9663 0.0032
54565.98 0.9589 0.0042
54566.00 0.9550 0.0036
54566.02 0.9564 0.0043
54566.04 0.9535 0.0034
54566.06 0.9544 0.0037
54566.08 0.9447 0.0030
54566.10 0.9477 0.0024
54566.12 0.9474 0.0026
54566.86 0.9731 0.0066
54566.88 0.9739 0.0031
54566.90 0.9767 0.0034
54566.92 0.9702 0.0067
54566.94 0.9737 0.0037
54566.96 0.9665 0.0031
54566.98 0.9761 0.0029
54567.00 0.9762 0.0026
54567.02 0.9830 0.0028
54567.04 0.9880 0.0027
54567.06 0.9836 0.0025
54567.08 0.9944 0.0025
54567.10 0.9913 0.0024
54567.12 1.0007 0.0023
54567.14 1.0132 0.0044
54567.16 0.9965 0.0039
54567.78 1.0831 0.0050
54567.80 1.0601 0.0050
54567.82 1.0625 0.0039
54567.84 1.0587 0.0037
54567.86 1.0622 0.0039
54567.88 1.0664 0.0040
54567.90 1.0692 0.0033
54567.92 1.0643 0.0032
54567.94 1.0644 0.0037
54567.96 1.0583 0.0050
54567.98 1.0624 0.0035
54568.00 1.0604 0.0041
54568.06 1.0726 0.0062
54568.78 1.0512 0.0058
54568.80 1.0322 0.0057
54568.82 1.0320 0.0044
54568.84 1.0260 0.0045
54568.86 1.0344 0.0075
54569.78 0.9632 0.0066
54569.80 0.9349 0.0058
54569.82 0.9443 0.0051
54569.84 0.9480 0.0044
54569.86 0.9524 0.0057
54569.90 0.9437 0.0057
54569.92 0.9404 0.0063
54569.96 0.9387 0.0043
54570.76 1.0867 0.0117
54570.78 1.0439 0.0068
54570.80 1.0232 0.0063
54570.82 1.0551 0.0051
54570.84 1.0522 0.0050
54570.86 1.0674 0.0047
54570.88 1.0673 0.0050
54570.90 1.0589 0.0045
54570.92 1.0613 0.0046
54570.94 1.0515 0.0045
54570.96 1.0443 0.0049
54570.98 1.0441 0.0071
54571.76 1.0781 0.0100
54571.78 1.0941 0.0074
54571.80 1.0617 0.0078
54571.82 1.0838 0.0054
54571.84 1.0691 0.0051
54571.86 1.0667 0.0051
54571.88 1.0604 0.0055
54571.90 1.0603 0.0052
54571.92 1.0583 0.0054
54571.94 1.0418 0.0051
54571.96 1.0440 0.0050
54571.98 1.0125 0.0042
54572.00 1.0165 0.0042
54572.02 1.0315 0.0040
54572.04 1.0309 0.0033
54572.06 1.0362 0.0027
54572.08 1.0320 0.0024
54572.10 1.0240 0.0024
54572.12 1.0317 0.0026
54572.14 1.0162 0.0043
54572.16 1.0124 0.0037
54572.76 0.9610 0.0101
54572.78 0.9589 0.0086
54572.80 0.9156 0.0067
54572.82 0.9274 0.0057
54572.84 0.9345 0.0068
54572.86 0.9470 0.0074
54572.88 0.9345 0.0079
54572.90 0.9388 0.0063
54572.92 0.9170 0.0075
54572.94 0.9463 0.0068
54572.96 0.9047 0.0066
54572.98 0.9166 0.0063
54573.00 0.9093 0.0067
54573.02 0.8907 0.0074
54573.04 0.9131 0.0066
54573.06 0.9195 0.0066
54573.08 0.9057 0.0050
54573.10 0.9280 0.0031
54573.12 0.9296 0.0041
54573.14 0.9269 0.0063
54573.16 0.9203 0.0042
54573.82 1.0277 0.0067
54573.84 1.0255 0.0062
54573.86 1.0396 0.0068
54573.88 1.0249 0.0074
54573.90 1.0286 0.0072
54573.92 1.0177 0.0071
54573.94 1.0317 0.0068
54573.96 1.0257 0.0065
54573.98 1.0196 0.0055
54574.00 0.9980 0.0065
54574.02 1.0067 0.0070
54574.04 0.9919 0.0068
54574.06 0.9716 0.0066
54574.08 1.0057 0.0092
54574.10 1.0354 0.0078
54574.12 1.0462 0.0084
54574.14 1.0442 0.0077
54579.74 0.9572 0.0059
54579.76 0.9507 0.0067
54579.78 0.9562 0.0070
54579.80 0.9463 0.0071
54579.82 0.9672 0.0074
54579.84 0.9579 0.0069
54579.86 0.9432 0.0072
54579.88 0.9442 0.0067
54579.90 0.9468 0.0073
54579.92 0.9339 0.0066
54579.94 0.9417 0.0066
54579.96 0.9489 0.0057
54579.98 0.9305 0.0062
54580.00 0.9299 0.0069
54580.02 0.9129 0.0063
54580.04 0.9278 0.0065
54580.06 0.9266 0.0055
54580.08 0.9345 0.0061
54580.10 0.9481 0.0069
54580.74 1.0617 0.0044
54580.76 1.0530 0.0040
54580.78 1.0503 0.0050
54580.80 1.0702 0.0066
54580.82 1.0663 0.0070
54580.84 1.0631 0.0082
54580.86 1.0767 0.0071
54580.88 1.0596 0.0072
54580.90 1.0632 0.0071
54580.92 1.0833 0.0085
54580.94 1.0745 0.0073
54580.96 1.0867 0.0067
54580.98 1.0692 0.0067
54581.00 1.0526 0.0062
54581.02 1.0696 0.0065
54581.04 1.0670 0.0083
54581.06 1.0462 0.0108
54581.08 1.0730 0.0056
54581.10 1.0950 0.0076
54582.00 0.9355 0.0120
54582.02 0.9600 0.0090
54582.04 0.9600 0.0077
54582.06 0.9829 0.0059
54582.08 0.9654 0.0071
54582.74 0.9320 0.0036
54582.76 0.9283 0.0036
54582.78 0.9333 0.0034
54582.80 0.9257 0.0043
54582.82 0.9401 0.0037
54582.84 0.9408 0.0040
54582.86 0.9301 0.0045
54582.88 0.9351 0.0055
54582.90 0.9297 0.0072
54583.74 1.0263 0.0040
54583.76 1.0250 0.0041
54583.78 1.0385 0.0040
54583.80 1.0514 0.0047
54583.82 1.0458 0.0041
54583.84 1.0562 0.0047
54583.86 1.0508 0.0040
54583.88 1.0372 0.0046
54584.72 1.0979 0.0067
54584.74 1.0891 0.0041
54584.76 1.0851 0.0045
54584.78 1.0736 0.0044
54584.80 1.0660 0.0063
54585.72 0.9591 0.0064
54585.74 0.9654 0.0037
54585.76 0.9518 0.0036
54585.78 0.9486 0.0039
54585.80 0.9526 0.0041
54585.82 0.9561 0.0040
54585.84 0.9538 0.0043
54585.86 0.9356 0.0043
54585.88 0.9432 0.0040
54585.90 0.9364 0.0039
54585.92 0.9483 0.0043
54585.94 0.9485 0.0037
54585.96 0.9412 0.0043
54585.98 0.9477 0.0039
54586.00 0.9438 0.0049
54586.02 0.9356 0.0045
54586.04 0.9516 0.0054
54586.06 0.9521 0.0050
54586.08 0.9610 0.0061
54587.72 1.1036 0.0050
54587.74 1.1041 0.0039
54587.76 1.1156 0.0038
54587.78 1.1065 0.0044
54587.80 1.1040 0.0043
54587.82 1.1111 0.0046
54587.84 1.1009 0.0046
54587.86 1.1052 0.0047
54587.88 1.0927 0.0047
54587.90 1.0948 0.0047
54587.94 1.1102 0.0042
54588.78 0.9730 0.0075
54591.72 1.0280 0.0054
54591.74 1.0057 0.0047
54591.76 1.0150 0.0055
54591.78 1.0150 0.0046
54591.80 1.0116 0.0043
54591.82 1.0100 0.0051
54591.84 1.0044 0.0045
54591.86 0.9973 0.0050
54591.88 0.9949 0.0062
54591.90 1.0024 0.0047
54591.92 0.9932 0.0042
54593.72 1.0437 0.0043
54593.74 1.0212 0.0041
54593.76 1.0353 0.0040
54593.78 1.0362 0.0040
54593.80 1.0504 0.0040
54593.82 1.0522 0.0045
54593.84 1.0479 0.0045
54593.86 1.0503 0.0046
54593.88 1.0518 0.0045
54593.90 1.0618 0.0051
54593.94 1.0534 0.0047
54593.96 1.0480 0.0050
54593.98 1.0668 0.0050
54594.02 1.0582 0.0044
54594.04 1.0662 0.0053
54594.06 1.0676 0.0055
54596.72 1.0259 0.0056
54596.74 1.0346 0.0056
54599.86 0.9972 0.0097
54608.72 1.0059 0.0055
54608.74 1.0120 0.0059
54608.76 1.0057 0.0071
54608.78 1.0325 0.0088
54608.80 1.0011 0.0077
54608.82 0.9940 0.0076
54608.84 1.0161 0.0077
54608.86 1.0259 0.0082
54608.88 1.0129 0.0070
54608.90 1.0282 0.0074
54608.92 0.9949 0.0066
54608.94 0.9828 0.0066
54608.96 0.9898 0.0063
54608.98 0.9846 0.0057
54609.00 0.9751 0.0077
54609.02 1.0069 0.0088
54611.80 1.0031 0.0057
54611.82 1.0039 0.0047
54611.92 1.0123 0.0082
54611.96 0.9971 0.0057
54611.98 1.0278 0.0062
54612.00 1.0240 0.0068
54613.70 0.9999 0.0071
54613.72 0.9974 0.0033
54613.74 0.9981 0.0032
54613.76 1.0045 0.0042
54613.78 0.9950 0.0036
54613.80 0.9913 0.0036
54613.82 0.9914 0.0036
54613.84 0.9942 0.0042
54613.86 0.9923 0.0037
54613.88 0.9896 0.0037
54613.90 0.9846 0.0042
54613.92 0.9884 0.0037
54613.94 0.9768 0.0046
54613.96 0.9731 0.0044
54613.98 0.9783 0.0054
54614.00 0.9767 0.0070
